1.492882438316400495e-01 1.494700322718346963e-01 1.491591896183727672e-01 1.482776930760693335e-01 1.459268706565354790e-01 1.422936573038504349e-01 1.365781524801502611e-01 1.267009606420216872e-01 1.134877258601553890e-01 9.714330154529156325e-02 7.735259694356698412e-02 5.690389464697345051e-02
1.327305127217795755e-01 1.324650235478807003e-01 1.321346136666567972e-01 1.317445801960842322e-01 1.309305899706762477e-01 1.299915953911317812e-01 1.290698745890228594e-01 1.265719922988063351e-01 1.233403585201860164e-01 1.174381669974230713e-01 1.026272745475548948e-01 7.355564906252777535e-02
1.402163382566379290e-01 1.403343200000000124e-01 1.394747396909417070e-01 1.388708718517886187e-01 1.380463321096217777e-01 1.368627908307009089e-01 1.354164525740630121e-01 1.318921659694357040e-01 1.284483761632374266e-01 1.216543885426449451e-01 1.093722602236830987e-01 9.047819653376591720e-02
1.223128429949628670e-01 1.217605866985400909e-01 1.216599109536412870e-01 1.208405043968240333e-01 1.193296071885938947e-01 1.172053017160420013e-01 1.142020759839494637e-01 1.110439897549731214e-01 1.065564623922137938e-01 1.010436789891573373e-01 9.229899769486896166e-02 8.110502971057799437e-02
1.452018278835481846e-01 1.436989998292495518e-01 1.378758985742337961e-01 1.302051067190301281e-01 1.212704536839409181e-01 1.092445039699479342e-01 9.761546666097498104e-02 8.322113122171945210e-02 7.063124349013916170e-02 5.561666148723639486e-02 4.367752898488859448e-02 3.584015546828310528e-02
1.159851153698054083e-01 1.151989980154616289e-01 1.142269416190278830e-01 1.106963219098960477e-01 1.050953904208998535e-01 9.657982749326146643e-02 8.758729836201535612e-02 7.926416279138652488e-02 6.837533734190338885e-02 5.792534450993750555e-02 4.581678327063772732e-02 3.430319232250229888e-02
1.401546814371612271e-01 1.403343117798643569e-01 1.399361575782707978e-01 1.385742737478155295e-01 1.367574057640472962e-01 1.332049837386333480e-01 1.289398391042919367e-01 1.229004849382423492e-01 1.137607395515535941e-01 1.021675887562572271e-01 8.760720594769112746e-02 7.085088427475488837e-02
1.294522974472808174e-01 1.293860321010842640e-01 1.286219401519678729e-01 1.270407939042089984e-01 1.248565627934773437e-01 1.211386928199436747e-01 1.155451753607103366e-01 1.078762637240672645e-01 9.730366746350208040e-02 8.569988047468624082e-02 7.369754179117221637e-02 6.014936301545291408e-02
0.13336053701015965  0.13318396653291215  0.13288982071202937  0.13178924955178009  0.12983374455732949  0.12802865277896353  0.12145615043114488  0.116 0.11510406044565866  0.10789252369162469  0.096689462989840352  0.082583718091009992
1.395031281482114194e-01 1.396317327755485227e-01 1.393103549901818505e-01 1.388228738154187736e-01 1.379986348501664739e-01 1.363506178604969032e-01 1.340800965593784699e-01 1.326359811320755033e-01 1.236354679416033359e-01 1.221776300691539419e-01 1.009468433364637541e-01 9.635233347562538464e-02
1.109649997800941090e-01 1.102320701939569908e-01 1.100563495623873012e-01 1.087137045344592629e-01 1.079663816686458333e-01 1.066057052381580716e-01 1.033203747196200090e-01 9.962054096846550966e-02 9.196837401592117267e-02 7.528097902097902194e-02 5.572391960241017406e-02 3.770352992919030755e-02
