1.352183360368821030e-01 1.410219448476052462e-01 1.454943703577221970e-01 1.483366498762059282e-01 1.493026355331682764e-01 1.495339340903270031e-01 1.491738760351746240e-01 1.489872961666524331e-01 1.484173806881243229e-01 1.471007487407154368e-01 1.450260650559207776e-01
1.287832978880957269e-01 1.297617369153757361e-01 1.307940037321169424e-01 1.317842599449068619e-01 1.320483800835283161e-01 1.326982174698616845e-01 1.329245780634459861e-01 1.331867266964841257e-01 1.329818595420751981e-01 1.329123402742809767e-01 1.324568810165575594e-01
1.374245564757107241e-01 1.393345001280628381e-01 1.397875292410142578e-01 1.407214650388457500e-01 1.401699991462477535e-01 1.403551856911124385e-01 1.396153957141637592e-01 1.390312140356868564e-01 1.375545940408093581e-01 1.365913241697259695e-01 1.354162597114317579e-01
1.140292085716725079e-01 1.188229001963630183e-01 1.203341372833603706e-01 1.215504260223683186e-01 1.217326730982668803e-01 1.224441005720140058e-01 1.224523324511226918e-01 1.217469435669768646e-01 1.223300145137880962e-01 1.217403824810040225e-01 1.213435840519081349e-01
7.716328950738496339e-02 9.663641850934859279e-02 1.142090036711346512e-01 1.275216759156492796e-01 1.382398565696235093e-01 1.452017083582344548e-01 1.440361410398702247e-01 1.409919849739605657e-01 1.347370827285921946e-01 1.261441099632886476e-01 1.150839964142405941e-01
9.142271141257665712e-02 1.004211297058736352e-01 1.058445851722401715e-01 1.103724214330144282e-01 1.133774520896892873e-01 1.151320932436835365e-01 1.157190059536151172e-01 1.157514433814164218e-01 1.149169218921240465e-01 1.118851941589407983e-01 1.083878960931252133e-01
1.338410295903557368e-01 1.384033766772311269e-01 1.407208506857024477e-01 1.415848250940434094e-01 1.412186842806789078e-01 1.400993193329581610e-01 1.387024365392020564e-01 1.361246692929711788e-01 1.318262504072746921e-01 1.268831195758419739e-01 1.210826492106276547e-01
9.728773584905660299e-02 1.123707299581661462e-01 1.218744360966447643e-01 1.270678493981046708e-01 1.295902680782037020e-01 1.294486280201485595e-01 1.255290873388542616e-01 1.180162281225988208e-01 1.077159421155980540e-01 9.342031332707248503e-02 7.622839409203449601e-02
0.11462172799453602  0.12266608469222233  0.1279515307777683  0.13133501920942542  0.13300316656706224  0.13336053701015965  0.13208136173482454  0.12954568086741228  0.12567669427132247  0.12081195765388884  0.11482770255271921
9.446871003210627338e-02 1.021644350617935543e-01 1.064830179883010097e-01 1.087896705809913434e-01 1.093281224435941612e-01 1.104495430355807717e-01 1.111255873686062268e-01 1.105377754321150707e-01 1.102559625280380151e-01 1.097465875005497749e-01 1.087140405506443336e-01
1.324772688465807313e-01 1.380003286946128171e-01 1.401634107402032203e-01 1.405523887987706055e-01 1.404055288995133544e-01 1.394190463587466899e-01 1.378157935627081221e-01 1.356159352855801359e-01 1.325083343293776139e-01 1.274236455220695008e-01 1.212083155468283158e-01
