1.282206531204644340e-01 1.432880875949799626e-01 1.492882438316400495e-01 1.346569734483052949e-01
8.236261722105388261e-02 1.327305127217795755e-01 1.325000000000000067e-01 1.112828162672906684e-01
1.014618654486467986e-01 1.402163382566379290e-01 1.401000000000000023e-01 1.300218859387005932e-01
1.223128429949628670e-01 1.047164253393665229e-01 1.180078032954836598e-01 1.188787723042773192e-01
1.452018278835481846e-01 4.816504140698369546e-02 9.244388628020148990e-02 1.108765534022026766e-01
1.159326050768638476e-01 1.007038891028109312e-02 7.174557507182845184e-02 8.635125973756702100e-02
1.230579425964870854e-01 1.308254518527294796e-01 1.401546814371612271e-01 1.263208696424868993e-01
1.294522974472808174e-01 4.834422863485016153e-02 9.722079313583198434e-02 1.188425074703321205e-01
1.333163143515751760e-01 1.058265807222743826e-01 1.136999999999999955e-01 1.060126850507982776e-01
6.079621234111800415e-02 1.109649997800941090e-01 1.097742472621717896e-01 8.032112767735409553e-02
1.395031281482114194e-01 8.989543925552806458e-02 1.231646760010245006e-01 1.340104610262101981e-01
